951
55290
104374
267
36517
1515
4008
3639
5449
2713
114180
5049
7318
2311
7160
1672
87306
5171
3536
144
6548
53519
81932
1920
2009
52328
48043
27611
27904
4639
53121
80489
3468
2863
66934
911
3910
905
477
4499
4351
839
87869
112623
2989
51935
103042
4823
2333
1834
5620
934
112175
117176
1974
412
227
3730
4881
3173
23
1281
1344
103228
5782
7325
514
57640
55118
3735
2720
338
89864
103253
707
122918
101
2990
3593
58803
5992
5690
2808
955
1031
8981
262
2297
1260
41285
2841
4448
534
3744
2318
41
3198
3267
1124
147
90405
94777
1464
101864
3635
8873
2792
2993
81229
3328
8638
1227
3083
3452
2133
118696
2301
4388
2664
82461
2338
168252
6957
95441
4084
8983
1688
69
2857
1892
1711
1033
249
55269
3893
46530
45672
1388
3298
128360
86880
8810
31878
81564
3246
1248
540
280
1013
115149
2053
3178
5617
8958
2413
933
37733
538
4161
2139
3968
61240
88163
1620
2126
2082
1237
2141
383
117529
3984
2719
928
8807
2805
122920
6383
1883
361
3534
27706
3264
3825
7444
4865
836
930
4069
166528
926
1049
1792
1687
3060
381
52281
428
748
1283
1693
2398
1217
67255
61024
276
1958
5954
122900
88810
3869
3435
2528
1589
2662
3438
65
6503
2991
5528
103249
2642
1257
519
88
3683
2728
6979
535
4007
3186
1254
2803
1209
2369
1619
2013
3476
765
72226
203
308
481
72378
2840
382
1041
93840
2411
1959
2986
2046
95167
5574
4023
45186
46972
374
31410
880
2402
38038
63992
2186
1091
33660
7454
4489
3882
48738
3034
1125
53000
3986
6155
93510
96821
3740
116823
915
4343
95510
2471
1556
1635
1256
3168
3504
2600
1100
3157
46723
909
3113
91630
2243
1894
194
2384
532
5507
40629
546
7022
4105
41997
57368
139385
1591
1185
86882
2788
232
66097
162
81562
6323
1835
1476
106100
3450
3100
3745
1350
4128
5945
2137
4015
2409
2739
1025
2067
3704
148626
237
8917
3608
1086
5064
954
2010
14
2340
58998
112183
2688
64839
837
1441
4855
4235
56757
6541
2428
637
2686
106696
54259
2134
33615
2616
6754
413
74789
562
1245
53972
54997
1179
2378
799
1499
61132
6157
2125
2405
1409
63113
2423
1103
1779
215
3424
4019
1438
1292
122892
2421
5013
4641
671
68319
6534
3969
2391
5219
1385
5872
94864
1952
3257
102445
2403
3285
72641
2352
3556
5630
800
1298
743
38061
6188
60
82459
60074
2335
3409
2300
3798
1566
6953
81847
135
2359
97938
1104
3020
2478
37729
1269
1037
55765
3273
4344
53322
230
1077
88744
2431
51540
307
6936
7445
61323
4446
3354
106489
2313
4734
102125
3396
1299
2096
2064
152081
2094
3361
1378
468
1020
2951
319
2707
1982
2366
1960
3698
59615
110102
97304
4321
69481
2394
52722
3005
3148
2944
4299
247
1175
8528
273
45517
272
39183
31696
2109
88140
1590
2289
88129
3105
348
3555
6947
4016
1717
1188
2020
610
8970
3362
4002
3108
91542
1231
2949
8533
1912
4874
1373
3826
3247
3386
97921
1911
193
44199
2145
3363
41569
111362
2953
79702
2087
719
1831
2826
224
1805
2501
7451
24
372
531
838
8950
1093
2018
524
8972
204
86332
3107
1644
106487
2881
8641
2580
1272
2908
2140
170
3617
1261
2915
8949
1027
5266
30812
4361
47099
1347
85414
54272
79091
3072
44555
6218
720
40819
1479
1042
45
180
4239
5971
2968
1513
3210
1032
96610
441
2085
1047
849
84152
3510
2871
1882
2160
1235
4148
36529
45447
33004
29
1274
616
56782
2393
455
3300
8529
3967
2746
3863
4367
4571
1953
1962
1947
2150
1244
4369
3252
1967
1267
2605
475
3916
8984
8622
53996
1249
1061
2058
1405
1120
2336
5464
1367
1271
2248
8376
2724
3006
1287
3552
724
31658
115617
55247
57669
1129
2144
98809
431
1343
3082
1345
2193
1060
3256
112552
2420
1029
3499
68237
2541
5956
7458
5903
34048
1921
2002
8361
1918
1084
44195
2539
2761
22
87232
3702
585
1884
7293
3275
277
105
4816
76251
1022
3752
1172
34162
246
4643
3039
59369
2078
59784
1562
5991
515
762
4776
4718
1371
529
256
5902
4270
53125
2694
355
31
5377
1228
1339
1293
5481
4975
2288
969
111759
852
60684
27773
1907
4310
33166
47610
471
2278
2105
30749
109374
6537
282
2161
1569
69757
1747
3785
315
34405
1059
3911
1372
785
2455
2080
265
2407
1375
1466
661
122886
1262
902
899
1674
4018
3717
112556
49530
673
2294
122882
54503
3755
4848
333
41566
1285
44
122904
4085
376
3421
88125
33679
1276
783
2023
112
225
4447
342
2005
1094
3101
71535
92259
151
236
1333
134853
91500
4025
1748
2003
1690
168
910
81591
3448
3000
745
1396
76093
805
4014
432
2947
4720
81834
48385
1088
69844
5060
3033
3418
6942
6378
3160
54001
56174
51255
2890
1215
172
1909
494
1302
5502
2019
913
2424
1250
6863
802
106782
78499
5669
73017
81845
552
2529
1377
5459
30707
1645
1358
7
35836
196
1376
1204
48774
5
4308
3253
2406
2599
112852
2572
4262
6373
2657
70
596
158
116797
2001
2321
160
2699
1673
1500
1320
1639
7254
48
2671
420
3081
553
1777
1266
7143
4246
832
3175
1997
2395
3471
653
708
4979
370
350
3753
1028
2302
1552
1608
2985
520
2081
1394
1148
555
784
2640
1641
1544
89745
235
953
1278
8644
903
1203
1183
1374
353
266
70286
1370
2353
1954
55820
2268
74458
7147
1288
509
2712
368
1380
786
6934
3481
56367
2054
1676
1230
1127
33493
908
337
11
91529
1201
51662
50872
1407
4034
8874
63082
46578
1391
440
474
3408
99114
48394
3977
410
442
594
1247
3751
2000
3623
16
8665
49272
923
6711
6016
8360
54286
2617
3948
300
8636
1485
104
1573
1356
508
2791
2710
5816
68157
109487
48780
1220
5618
62
3949
1101
32587
1225
2174
36
551
1219
6365
1653
17
2916
2987
25
19
1610
1259
2012
1080
72998
2011
21
95
1393
339
1307
68954
161
2291
288
4011
2115
223
1517
2324
44191
2396
919
1246
434
1222
1968
60069
2706
6
4878
1923
5989
292
1208
750
3114
7438
5418
912
208
924
778
539
8961
33794
5349
1258
587
1206
1617
1961
111
10
5445
1073
4963
4995
2329
349
1200
2716
6874
34
1213
1682
3793
6377
4886
2628
1089
231
733
500
597
1097
1136
79132
1291
1193
595
1704
1197
4226
58559
1721
344
377
364
380
590
592
32
5952
7153
1270
480
